 -16935.310  -17000.000     1500.000
 -15939.115  -17000.000     1587.156
 -14942.920  -17000.000     1674.311
 -13946.726  -17000.000     1761.467
 -12950.531  -17000.000     1848.623
 -11954.336  -17000.000     1935.779
 -10958.142  -17000.000     2022.934
  -9961.947  -17000.000     2110.090
  -8965.752  -17000.000     2197.246
  -7969.558  -17000.000     2284.402
  -6973.363  -17000.000     2371.557
  -5977.168  -17000.000     2458.713
  -4980.973  -17000.000     2545.869
  -3984.779  -17000.000     2633.025
  -2988.584  -17000.000     2720.180
  -1992.389  -17000.000     2807.336
   -996.195  -17000.000     2894.492
      0.000  -17000.000     2981.648
    996.195  -17000.000     3068.803
   1992.389  -17000.000     3155.959
   2988.584  -17000.000     3243.115
   3984.779  -17000.000     3330.271
   4980.973  -17000.000     3417.426
   5977.168  -17000.000     3504.582
   6973.363  -17000.000     3591.738
   7969.558  -17000.000     3678.894
   8965.752  -17000.000     3766.049
   9961.947  -17000.000     3853.205
  10958.142  -17000.000     3940.361
  11954.336  -17000.000     4027.517
  12950.531  -17000.000     4114.672
  13946.726  -17000.000     4201.828
  14942.920  -17000.000     4288.984
  15939.115  -17000.000     4376.140
  16935.310  -17000.000     4463.295
 -16935.310  -16000.000     1500.000
 -15939.115  -16000.000     1587.156
 -14942.920  -16000.000     1674.311
 -13946.726  -16000.000     1761.467
 -12950.531  -16000.000     1848.623
 -11954.336  -16000.000     1935.779
 -10958.142  -16000.000     2022.934
  -9961.947  -16000.000     2110.090
  -8965.752  -16000.000     2197.246
  -7969.558  -16000.000     2284.402
  -6973.363  -16000.000     2371.557
  -5977.168  -16000.000     2458.713
  -4980.973  -16000.000     2545.869
  -3984.779  -16000.000     2633.025
  -2988.584  -16000.000     2720.180
  -1992.389  -16000.000     2807.336
   -996.195  -16000.000     2894.492
      0.000  -16000.000     2981.648
    996.195  -16000.000     3068.803
   1992.389  -16000.000     3155.959
   2988.584  -16000.000     3243.115
   3984.779  -16000.000     3330.271
   4980.973  -16000.000     3417.426
   5977.168  -16000.000     3504.582
   6973.363  -16000.000     3591.738
   7969.558  -16000.000     3678.894
   8965.752  -16000.000     3766.049
   9961.947  -16000.000     3853.205
  10958.142  -16000.000     3940.361
  11954.336  -16000.000     4027.517
  12950.531  -16000.000     4114.672
  13946.726  -16000.000     4201.828
  14942.920  -16000.000     4288.984
  15939.115  -16000.000     4376.140
  16935.310  -16000.000     4463.295
 -16935.310  -15000.000     1500.000
 -15939.115  -15000.000     1587.156
 -14942.920  -15000.000     1674.311
 -13946.726  -15000.000     1761.467
 -12950.531  -15000.000     1848.623
 -11954.336  -15000.000     1935.779
 -10958.142  -15000.000     2022.934
  -9961.947  -15000.000     2110.090
  -8965.752  -15000.000     2197.246
  -7969.558  -15000.000     2284.402
  -6973.363  -15000.000     2371.557
  -5977.168  -15000.000     2458.713
  -4980.973  -15000.000     2545.869
  -3984.779  -15000.000     2633.025
  -2988.584  -15000.000     2720.180
  -1992.389  -15000.000     2807.336
   -996.195  -15000.000     2894.492
      0.000  -15000.000     2981.648
    996.195  -15000.000     3068.803
   1992.389  -15000.000     3155.959
   2988.584  -15000.000     3243.115
   3984.779  -15000.000     3330.271
   4980.973  -15000.000     3417.426
   5977.168  -15000.000     3504.582
   6973.363  -15000.000     3591.738
   7969.558  -15000.000     3678.894
   8965.752  -15000.000     3766.049
   9961.947  -15000.000     3853.205
  10958.142  -15000.000     3940.361
  11954.336  -15000.000     4027.517
  12950.531  -15000.000     4114.672
  13946.726  -15000.000     4201.828
  14942.920  -15000.000     4288.984
  15939.115  -15000.000     4376.140
  16935.310  -15000.000     4463.295
 -16935.310  -14000.000     1500.000
 -15939.115  -14000.000     1587.156
 -14942.920  -14000.000     1674.311
 -13946.726  -14000.000     1761.467
 -12950.531  -14000.000     1848.623
 -11954.336  -14000.000     1935.779
 -10958.142  -14000.000     2022.934
  -9961.947  -14000.000     2110.090
  -8965.752  -14000.000     2197.246
  -7969.558  -14000.000     2284.402
  -6973.363  -14000.000     2371.557
  -5977.168  -14000.000     2458.713
  -4980.973  -14000.000     2545.869
  -3984.779  -14000.000     2633.025
  -2988.584  -14000.000     2720.180
  -1992.389  -14000.000     2807.336
   -996.195  -14000.000     2894.492
      0.000  -14000.000     2981.648
    996.195  -14000.000     3068.803
   1992.389  -14000.000     3155.959
   2988.584  -14000.000     3243.115
   3984.779  -14000.000     3330.271
   4980.973  -14000.000     3417.426
   5977.168  -14000.000     3504.582
   6973.363  -14000.000     3591.738
   7969.558  -14000.000     3678.894
   8965.752  -14000.000     3766.049
   9961.947  -14000.000     3853.205
  10958.142  -14000.000     3940.361
  11954.336  -14000.000     4027.517
  12950.531  -14000.000     4114.672
  13946.726  -14000.000     4201.828
  14942.920  -14000.000     4288.984
  15939.115  -14000.000     4376.140
  16935.310  -14000.000     4463.295
 -16935.310  -13000.000     1500.000
 -15939.115  -13000.000     1587.156
 -14942.920  -13000.000     1674.311
 -13946.726  -13000.000     1761.467
 -12950.531  -13000.000     1848.623
 -11954.336  -13000.000     1935.779
 -10958.142  -13000.000     2022.934
  -9961.947  -13000.000     2110.090
  -8965.752  -13000.000     2197.246
  -7969.558  -13000.000     2284.402
  -6973.363  -13000.000     2371.557
  -5977.168  -13000.000     2458.713
  -4980.973  -13000.000     2545.869
  -3984.779  -13000.000     2633.025
  -2988.584  -13000.000     2720.180
  -1992.389  -13000.000     2807.336
   -996.195  -13000.000     2894.492
      0.000  -13000.000     2981.648
    996.195  -13000.000     3068.803
   1992.389  -13000.000     3155.959
   2988.584  -13000.000     3243.115
   3984.779  -13000.000     3330.271
   4980.973  -13000.000     3417.426
   5977.168  -13000.000     3504.582
   6973.363  -13000.000     3591.738
   7969.558  -13000.000     3678.894
   8965.752  -13000.000     3766.049
   9961.947  -13000.000     3853.205
  10958.142  -13000.000     3940.361
  11954.336  -13000.000     4027.517
  12950.531  -13000.000     4114.672
  13946.726  -13000.000     4201.828
  14942.920  -13000.000     4288.984
  15939.115  -13000.000     4376.140
  16935.310  -13000.000     4463.295
 -16935.310  -12000.000     1500.000
 -15939.115  -12000.000     1587.156
 -14942.920  -12000.000     1674.311
 -13946.726  -12000.000     1761.467
 -12950.531  -12000.000     1848.623
 -11954.336  -12000.000     1935.779
 -10958.142  -12000.000     2022.934
  -9961.947  -12000.000     2110.090
  -8965.752  -12000.000     2197.246
  -7969.558  -12000.000     2284.402
  -6973.363  -12000.000     2371.557
  -5977.168  -12000.000     2458.713
  -4980.973  -12000.000     2545.869
  -3984.779  -12000.000     2633.025
  -2988.584  -12000.000     2720.180
  -1992.389  -12000.000     2807.336
   -996.195  -12000.000     2894.492
      0.000  -12000.000     2981.648
    996.195  -12000.000     3068.803
   1992.389  -12000.000     3155.959
   2988.584  -12000.000     3243.115
   3984.779  -12000.000     3330.271
   4980.973  -12000.000     3417.426
   5977.168  -12000.000     3504.582
   6973.363  -12000.000     3591.738
   7969.558  -12000.000     3678.894
   8965.752  -12000.000     3766.049
   9961.947  -12000.000     3853.205
  10958.142  -12000.000     3940.361
  11954.336  -12000.000     4027.517
  12950.531  -12000.000     4114.672
  13946.726  -12000.000     4201.828
  14942.920  -12000.000     4288.984
  15939.115  -12000.000     4376.140
  16935.310  -12000.000     4463.295
 -16935.310  -11000.000     1500.000
 -15939.115  -11000.000     1587.156
 -14942.920  -11000.000     1674.311
 -13946.726  -11000.000     1761.467
 -12950.531  -11000.000     1848.623
 -11954.336  -11000.000     1935.779
 -10958.142  -11000.000     2022.934
  -9961.947  -11000.000     2110.090
  -8965.752  -11000.000     2197.246
  -7969.558  -11000.000     2284.402
  -6973.363  -11000.000     2371.557
  -5977.168  -11000.000     2458.713
  -4980.973  -11000.000     2545.869
  -3984.779  -11000.000     2633.025
  -2988.584  -11000.000     2720.180
  -1992.389  -11000.000     2807.336
   -996.195  -11000.000     2894.492
      0.000  -11000.000     2981.648
    996.195  -11000.000     3068.803
   1992.389  -11000.000     3155.959
   2988.584  -11000.000     3243.115
   3984.779  -11000.000     3330.271
   4980.973  -11000.000     3417.426
   5977.168  -11000.000     3504.582
   6973.363  -11000.000     3591.738
   7969.558  -11000.000     3678.894
   8965.752  -11000.000     3766.049
   9961.947  -11000.000     3853.205
  10958.142  -11000.000     3940.361
  11954.336  -11000.000     4027.517
  12950.531  -11000.000     4114.672
  13946.726  -11000.000     4201.828
  14942.920  -11000.000     4288.984
  15939.115  -11000.000     4376.140
  16935.310  -11000.000     4463.295
 -16935.310  -10000.000     1500.000
 -15939.115  -10000.000     1587.156
 -14942.920  -10000.000     1674.311
 -13946.726  -10000.000     1761.467
 -12950.531  -10000.000     1848.623
 -11954.336  -10000.000     1935.779
 -10958.142  -10000.000     2022.934
  -9961.947  -10000.000     2110.090
  -8965.752  -10000.000     2197.246
  -7969.558  -10000.000     2284.402
  -6973.363  -10000.000     2371.557
  -5977.168  -10000.000     2458.713
  -4980.973  -10000.000     2545.869
  -3984.779  -10000.000     2633.025
  -2988.584  -10000.000     2720.180
  -1992.389  -10000.000     2807.336
   -996.195  -10000.000     2894.492
      0.000  -10000.000     2981.648
    996.195  -10000.000     3068.803
   1992.389  -10000.000     3155.959
   2988.584  -10000.000     3243.115
   3984.779  -10000.000     3330.271
   4980.973  -10000.000     3417.426
   5977.168  -10000.000     3504.582
   6973.363  -10000.000     3591.738
   7969.558  -10000.000     3678.894
   8965.752  -10000.000     3766.049
   9961.947  -10000.000     3853.205
  10958.142  -10000.000     3940.361
  11954.336  -10000.000     4027.517
  12950.531  -10000.000     4114.672
  13946.726  -10000.000     4201.828
  14942.920  -10000.000     4288.984
  15939.115  -10000.000     4376.140
  16935.310  -10000.000     4463.295
 -16935.310   -9000.000     1500.000
 -15939.115   -9000.000     1587.156
 -14942.920   -9000.000     1674.311
 -13946.726   -9000.000     1761.467
 -12950.531   -9000.000     1848.623
 -11954.336   -9000.000     1935.779
 -10958.142   -9000.000     2022.934
  -9961.947   -9000.000     2110.090
  -8965.752   -9000.000     2197.246
  -7969.558   -9000.000     2284.402
  -6973.363   -9000.000     2371.557
  -5977.168   -9000.000     2458.713
  -4980.973   -9000.000     2545.869
  -3984.779   -9000.000     2633.025
  -2988.584   -9000.000     2720.180
  -1992.389   -9000.000     2807.336
   -996.195   -9000.000     2894.492
      0.000   -9000.000     2981.648
    996.195   -9000.000     3068.803
   1992.389   -9000.000     3155.959
   2988.584   -9000.000     3243.115
   3984.779   -9000.000     3330.271
   4980.973   -9000.000     3417.426
   5977.168   -9000.000     3504.582
   6973.363   -9000.000     3591.738
   7969.558   -9000.000     3678.894
   8965.752   -9000.000     3766.049
   9961.947   -9000.000     3853.205
  10958.142   -9000.000     3940.361
  11954.336   -9000.000     4027.517
  12950.531   -9000.000     4114.672
  13946.726   -9000.000     4201.828
  14942.920   -9000.000     4288.984
  15939.115   -9000.000     4376.140
  16935.310   -9000.000     4463.295
 -16935.310   -8000.000     1500.000
 -15939.115   -8000.000     1587.156
 -14942.920   -8000.000     1674.311
 -13946.726   -8000.000     1761.467
 -12950.531   -8000.000     1848.623
 -11954.336   -8000.000     1935.779
 -10958.142   -8000.000     2022.934
  -9961.947   -8000.000     2110.090
  -8965.752   -8000.000     2197.246
  -7969.558   -8000.000     2284.402
  -6973.363   -8000.000     2371.557
  -5977.168   -8000.000     2458.713
  -4980.973   -8000.000     2545.869
  -3984.779   -8000.000     2633.025
  -2988.584   -8000.000     2720.180
  -1992.389   -8000.000     2807.336
   -996.195   -8000.000     2894.492
      0.000   -8000.000     2981.648
    996.195   -8000.000     3068.803
   1992.389   -8000.000     3155.959
   2988.584   -8000.000     3243.115
   3984.779   -8000.000     3330.271
   4980.973   -8000.000     3417.426
   5977.168   -8000.000     3504.582
   6973.363   -8000.000     3591.738
   7969.558   -8000.000     3678.894
   8965.752   -8000.000     3766.049
   9961.947   -8000.000     3853.205
  10958.142   -8000.000     3940.361
  11954.336   -8000.000     4027.517
  12950.531   -8000.000     4114.672
  13946.726   -8000.000     4201.828
  14942.920   -8000.000     4288.984
  15939.115   -8000.000     4376.140
  16935.310   -8000.000     4463.295
 -16935.310   -7000.000     1500.000
 -15939.115   -7000.000     1587.156
 -14942.920   -7000.000     1674.311
 -13946.726   -7000.000     1761.467
 -12950.531   -7000.000     1848.623
 -11954.336   -7000.000     1935.779
 -10958.142   -7000.000     2022.934
  -9961.947   -7000.000     2110.090
  -8965.752   -7000.000     2197.246
  -7969.558   -7000.000     2284.402
  -6973.363   -7000.000     2371.557
  -5977.168   -7000.000     2458.713
  -4980.973   -7000.000     2545.869
  -3984.779   -7000.000     2633.025
  -2988.584   -7000.000     2720.180
  -1992.389   -7000.000     2807.336
   -996.195   -7000.000     2894.492
      0.000   -7000.000     2981.648
    996.195   -7000.000     3068.803
   1992.389   -7000.000     3155.959
   2988.584   -7000.000     3243.115
   3984.779   -7000.000     3330.271
   4980.973   -7000.000     3417.426
   5977.168   -7000.000     3504.582
   6973.363   -7000.000     3591.738
   7969.558   -7000.000     3678.894
   8965.752   -7000.000     3766.049
   9961.947   -7000.000     3853.205
  10958.142   -7000.000     3940.361
  11954.336   -7000.000     4027.517
  12950.531   -7000.000     4114.672
  13946.726   -7000.000     4201.828
  14942.920   -7000.000     4288.984
  15939.115   -7000.000     4376.140
  16935.310   -7000.000     4463.295
 -16935.310   -6000.000     1500.000
 -15939.115   -6000.000     1587.156
 -14942.920   -6000.000     1674.311
 -13946.726   -6000.000     1761.467
 -12950.531   -6000.000     1848.623
 -11954.336   -6000.000     1935.779
 -10958.142   -6000.000     2022.934
  -9961.947   -6000.000     2110.090
  -8965.752   -6000.000     2197.246
  -7969.558   -6000.000     2284.402
  -6973.363   -6000.000     2371.557
  -5977.168   -6000.000     2458.713
  -4980.973   -6000.000     2545.869
  -3984.779   -6000.000     2633.025
  -2988.584   -6000.000     2720.180
  -1992.389   -6000.000     2807.336
   -996.195   -6000.000     2894.492
      0.000   -6000.000     2981.648
    996.195   -6000.000     3068.803
   1992.389   -6000.000     3155.959
   2988.584   -6000.000     3243.115
   3984.779   -6000.000     3330.271
   4980.973   -6000.000     3417.426
   5977.168   -6000.000     3504.582
   6973.363   -6000.000     3591.738
   7969.558   -6000.000     3678.894
   8965.752   -6000.000     3766.049
   9961.947   -6000.000     3853.205
  10958.142   -6000.000     3940.361
  11954.336   -6000.000     4027.517
  12950.531   -6000.000     4114.672
  13946.726   -6000.000     4201.828
  14942.920   -6000.000     4288.984
  15939.115   -6000.000     4376.140
  16935.310   -6000.000     4463.295
 -16935.310   -5000.000     1500.000
 -15939.115   -5000.000     1587.156
 -14942.920   -5000.000     1674.311
 -13946.726   -5000.000     1761.467
 -12950.531   -5000.000     1848.623
 -11954.336   -5000.000     1935.779
 -10958.142   -5000.000     2022.934
  -9961.947   -5000.000     2110.090
  -8965.752   -5000.000     2197.246
  -7969.558   -5000.000     2284.402
  -6973.363   -5000.000     2371.557
  -5977.168   -5000.000     2458.713
  -4980.973   -5000.000     2545.869
  -3984.779   -5000.000     2633.025
  -2988.584   -5000.000     2720.180
  -1992.389   -5000.000     2807.336
   -996.195   -5000.000     2894.492
      0.000   -5000.000     2981.648
    996.195   -5000.000     3068.803
   1992.389   -5000.000     3155.959
   2988.584   -5000.000     3243.115
   3984.779   -5000.000     3330.271
   4980.973   -5000.000     3417.426
   5977.168   -5000.000     3504.582
   6973.363   -5000.000     3591.738
   7969.558   -5000.000     3678.894
   8965.752   -5000.000     3766.049
   9961.947   -5000.000     3853.205
  10958.142   -5000.000     3940.361
  11954.336   -5000.000     4027.517
  12950.531   -5000.000     4114.672
  13946.726   -5000.000     4201.828
  14942.920   -5000.000     4288.984
  15939.115   -5000.000     4376.140
  16935.310   -5000.000     4463.295
 -16935.310   -4000.000     1500.000
 -15939.115   -4000.000     1587.156
 -14942.920   -4000.000     1674.311
 -13946.726   -4000.000     1761.467
 -12950.531   -4000.000     1848.623
 -11954.336   -4000.000     1935.779
 -10958.142   -4000.000     2022.934
  -9961.947   -4000.000     2110.090
  -8965.752   -4000.000     2197.246
  -7969.558   -4000.000     2284.402
  -6973.363   -4000.000     2371.557
  -5977.168   -4000.000     2458.713
  -4980.973   -4000.000     2545.869
  -3984.779   -4000.000     2633.025
  -2988.584   -4000.000     2720.180
  -1992.389   -4000.000     2807.336
   -996.195   -4000.000     2894.492
      0.000   -4000.000     2981.648
    996.195   -4000.000     3068.803
   1992.389   -4000.000     3155.959
   2988.584   -4000.000     3243.115
   3984.779   -4000.000     3330.271
   4980.973   -4000.000     3417.426
   5977.168   -4000.000     3504.582
   6973.363   -4000.000     3591.738
   7969.558   -4000.000     3678.894
   8965.752   -4000.000     3766.049
   9961.947   -4000.000     3853.205
  10958.142   -4000.000     3940.361
  11954.336   -4000.000     4027.517
  12950.531   -4000.000     4114.672
  13946.726   -4000.000     4201.828
  14942.920   -4000.000     4288.984
  15939.115   -4000.000     4376.140
  16935.310   -4000.000     4463.295
 -16935.310   -3000.000     1500.000
 -15939.115   -3000.000     1587.156
 -14942.920   -3000.000     1674.311
 -13946.726   -3000.000     1761.467
 -12950.531   -3000.000     1848.623
 -11954.336   -3000.000     1935.779
 -10958.142   -3000.000     2022.934
  -9961.947   -3000.000     2110.090
  -8965.752   -3000.000     2197.246
  -7969.558   -3000.000     2284.402
  -6973.363   -3000.000     2371.557
  -5977.168   -3000.000     2458.713
  -4980.973   -3000.000     2545.869
  -3984.779   -3000.000     2633.025
  -2988.584   -3000.000     2720.180
  -1992.389   -3000.000     2807.336
   -996.195   -3000.000     2894.492
      0.000   -3000.000     2981.648
    996.195   -3000.000     3068.803
   1992.389   -3000.000     3155.959
   2988.584   -3000.000     3243.115
   3984.779   -3000.000     3330.271
   4980.973   -3000.000     3417.426
   5977.168   -3000.000     3504.582
   6973.363   -3000.000     3591.738
   7969.558   -3000.000     3678.894
   8965.752   -3000.000     3766.049
   9961.947   -3000.000     3853.205
  10958.142   -3000.000     3940.361
  11954.336   -3000.000     4027.517
  12950.531   -3000.000     4114.672
  13946.726   -3000.000     4201.828
  14942.920   -3000.000     4288.984
  15939.115   -3000.000     4376.140
  16935.310   -3000.000     4463.295
 -16935.310   -2000.000     1500.000
 -15939.115   -2000.000     1587.156
 -14942.920   -2000.000     1674.311
 -13946.726   -2000.000     1761.467
 -12950.531   -2000.000     1848.623
 -11954.336   -2000.000     1935.779
 -10958.142   -2000.000     2022.934
  -9961.947   -2000.000     2110.090
  -8965.752   -2000.000     2197.246
  -7969.558   -2000.000     2284.402
  -6973.363   -2000.000     2371.557
  -5977.168   -2000.000     2458.713
  -4980.973   -2000.000     2545.869
  -3984.779   -2000.000     2633.025
  -2988.584   -2000.000     2720.180
  -1992.389   -2000.000     2807.336
   -996.195   -2000.000     2894.492
      0.000   -2000.000     2981.648
    996.195   -2000.000     3068.803
   1992.389   -2000.000     3155.959
   2988.584   -2000.000     3243.115
   3984.779   -2000.000     3330.271
   4980.973   -2000.000     3417.426
   5977.168   -2000.000     3504.582
   6973.363   -2000.000     3591.738
   7969.558   -2000.000     3678.894
   8965.752   -2000.000     3766.049
   9961.947   -2000.000     3853.205
  10958.142   -2000.000     3940.361
  11954.336   -2000.000     4027.517
  12950.531   -2000.000     4114.672
  13946.726   -2000.000     4201.828
  14942.920   -2000.000     4288.984
  15939.115   -2000.000     4376.140
  16935.310   -2000.000     4463.295
 -16935.310   -1000.000     1500.000
 -15939.115   -1000.000     1587.156
 -14942.920   -1000.000     1674.311
 -13946.726   -1000.000     1761.467
 -12950.531   -1000.000     1848.623
 -11954.336   -1000.000     1935.779
 -10958.142   -1000.000     2022.934
  -9961.947   -1000.000     2110.090
  -8965.752   -1000.000     2197.246
  -7969.558   -1000.000     2284.402
  -6973.363   -1000.000     2371.557
  -5977.168   -1000.000     2458.713
  -4980.973   -1000.000     2545.869
  -3984.779   -1000.000     2633.025
  -2988.584   -1000.000     2720.180
  -1992.389   -1000.000     2807.336
   -996.195   -1000.000     2894.492
      0.000   -1000.000     2981.648
    996.195   -1000.000     3068.803
   1992.389   -1000.000     3155.959
   2988.584   -1000.000     3243.115
   3984.779   -1000.000     3330.271
   4980.973   -1000.000     3417.426
   5977.168   -1000.000     3504.582
   6973.363   -1000.000     3591.738
   7969.558   -1000.000     3678.894
   8965.752   -1000.000     3766.049
   9961.947   -1000.000     3853.205
  10958.142   -1000.000     3940.361
  11954.336   -1000.000     4027.517
  12950.531   -1000.000     4114.672
  13946.726   -1000.000     4201.828
  14942.920   -1000.000     4288.984
  15939.115   -1000.000     4376.140
  16935.310   -1000.000     4463.295
 -16935.310       0.000     1500.000
 -15939.115       0.000     1587.156
 -14942.920       0.000     1674.311
 -13946.726       0.000     1761.467
 -12950.531       0.000     1848.623
 -11954.336       0.000     1935.779
 -10958.142       0.000     2022.934
  -9961.947       0.000     2110.090
  -8965.752       0.000     2197.246
  -7969.558       0.000     2284.402
  -6973.363       0.000     2371.557
  -5977.168       0.000     2458.713
  -4980.973       0.000     2545.869
  -3984.779       0.000     2633.025
  -2988.584       0.000     2720.180
  -1992.389       0.000     2807.336
   -996.195       0.000     2894.492
      0.000       0.000     2981.648
    996.195       0.000     3068.803
   1992.389       0.000     3155.959
   2988.584       0.000     3243.115
   3984.779       0.000     3330.271
   4980.973       0.000     3417.426
   5977.168       0.000     3504.582
   6973.363       0.000     3591.738
   7969.558       0.000     3678.894
   8965.752       0.000     3766.049
   9961.947       0.000     3853.205
  10958.142       0.000     3940.361
  11954.336       0.000     4027.517
  12950.531       0.000     4114.672
  13946.726       0.000     4201.828
  14942.920       0.000     4288.984
  15939.115       0.000     4376.140
  16935.310       0.000     4463.295
 -16935.310    1000.000     1500.000
 -15939.115    1000.000     1587.156
 -14942.920    1000.000     1674.311
 -13946.726    1000.000     1761.467
 -12950.531    1000.000     1848.623
 -11954.336    1000.000     1935.779
 -10958.142    1000.000     2022.934
  -9961.947    1000.000     2110.090
  -8965.752    1000.000     2197.246
  -7969.558    1000.000     2284.402
  -6973.363    1000.000     2371.557
  -5977.168    1000.000     2458.713
  -4980.973    1000.000     2545.869
  -3984.779    1000.000     2633.025
  -2988.584    1000.000     2720.180
  -1992.389    1000.000     2807.336
   -996.195    1000.000     2894.492
      0.000    1000.000     2981.648
    996.195    1000.000     3068.803
   1992.389    1000.000     3155.959
   2988.584    1000.000     3243.115
   3984.779    1000.000     3330.271
   4980.973    1000.000     3417.426
   5977.168    1000.000     3504.582
   6973.363    1000.000     3591.738
   7969.558    1000.000     3678.894
   8965.752    1000.000     3766.049
   9961.947    1000.000     3853.205
  10958.142    1000.000     3940.361
  11954.336    1000.000     4027.517
  12950.531    1000.000     4114.672
  13946.726    1000.000     4201.828
  14942.920    1000.000     4288.984
  15939.115    1000.000     4376.140
  16935.310    1000.000     4463.295
 -16935.310    2000.000     1500.000
 -15939.115    2000.000     1587.156
 -14942.920    2000.000     1674.311
 -13946.726    2000.000     1761.467
 -12950.531    2000.000     1848.623
 -11954.336    2000.000     1935.779
 -10958.142    2000.000     2022.934
  -9961.947    2000.000     2110.090
  -8965.752    2000.000     2197.246
  -7969.558    2000.000     2284.402
  -6973.363    2000.000     2371.557
  -5977.168    2000.000     2458.713
  -4980.973    2000.000     2545.869
  -3984.779    2000.000     2633.025
  -2988.584    2000.000     2720.180
  -1992.389    2000.000     2807.336
   -996.195    2000.000     2894.492
      0.000    2000.000     2981.648
    996.195    2000.000     3068.803
   1992.389    2000.000     3155.959
   2988.584    2000.000     3243.115
   3984.779    2000.000     3330.271
   4980.973    2000.000     3417.426
   5977.168    2000.000     3504.582
   6973.363    2000.000     3591.738
   7969.558    2000.000     3678.894
   8965.752    2000.000     3766.049
   9961.947    2000.000     3853.205
  10958.142    2000.000     3940.361
  11954.336    2000.000     4027.517
  12950.531    2000.000     4114.672
  13946.726    2000.000     4201.828
  14942.920    2000.000     4288.984
  15939.115    2000.000     4376.140
  16935.310    2000.000     4463.295
 -16935.310    3000.000     1500.000
 -15939.115    3000.000     1587.156
 -14942.920    3000.000     1674.311
 -13946.726    3000.000     1761.467
 -12950.531    3000.000     1848.623
 -11954.336    3000.000     1935.779
 -10958.142    3000.000     2022.934
  -9961.947    3000.000     2110.090
  -8965.752    3000.000     2197.246
  -7969.558    3000.000     2284.402
  -6973.363    3000.000     2371.557
  -5977.168    3000.000     2458.713
  -4980.973    3000.000     2545.869
  -3984.779    3000.000     2633.025
  -2988.584    3000.000     2720.180
  -1992.389    3000.000     2807.336
   -996.195    3000.000     2894.492
      0.000    3000.000     2981.648
    996.195    3000.000     3068.803
   1992.389    3000.000     3155.959
   2988.584    3000.000     3243.115
   3984.779    3000.000     3330.271
   4980.973    3000.000     3417.426
   5977.168    3000.000     3504.582
   6973.363    3000.000     3591.738
   7969.558    3000.000     3678.894
   8965.752    3000.000     3766.049
   9961.947    3000.000     3853.205
  10958.142    3000.000     3940.361
  11954.336    3000.000     4027.517
  12950.531    3000.000     4114.672
  13946.726    3000.000     4201.828
  14942.920    3000.000     4288.984
  15939.115    3000.000     4376.140
  16935.310    3000.000     4463.295
 -16935.310    4000.000     1500.000
 -15939.115    4000.000     1587.156
 -14942.920    4000.000     1674.311
 -13946.726    4000.000     1761.467
 -12950.531    4000.000     1848.623
 -11954.336    4000.000     1935.779
 -10958.142    4000.000     2022.934
  -9961.947    4000.000     2110.090
  -8965.752    4000.000     2197.246
  -7969.558    4000.000     2284.402
  -6973.363    4000.000     2371.557
  -5977.168    4000.000     2458.713
  -4980.973    4000.000     2545.869
  -3984.779    4000.000     2633.025
  -2988.584    4000.000     2720.180
  -1992.389    4000.000     2807.336
   -996.195    4000.000     2894.492
      0.000    4000.000     2981.648
    996.195    4000.000     3068.803
   1992.389    4000.000     3155.959
   2988.584    4000.000     3243.115
   3984.779    4000.000     3330.271
   4980.973    4000.000     3417.426
   5977.168    4000.000     3504.582
   6973.363    4000.000     3591.738
   7969.558    4000.000     3678.894
   8965.752    4000.000     3766.049
   9961.947    4000.000     3853.205
  10958.142    4000.000     3940.361
  11954.336    4000.000     4027.517
  12950.531    4000.000     4114.672
  13946.726    4000.000     4201.828
  14942.920    4000.000     4288.984
  15939.115    4000.000     4376.140
  16935.310    4000.000     4463.295
 -16935.310    5000.000     1500.000
 -15939.115    5000.000     1587.156
 -14942.920    5000.000     1674.311
 -13946.726    5000.000     1761.467
 -12950.531    5000.000     1848.623
 -11954.336    5000.000     1935.779
 -10958.142    5000.000     2022.934
  -9961.947    5000.000     2110.090
  -8965.752    5000.000     2197.246
  -7969.558    5000.000     2284.402
  -6973.363    5000.000     2371.557
  -5977.168    5000.000     2458.713
  -4980.973    5000.000     2545.869
  -3984.779    5000.000     2633.025
  -2988.584    5000.000     2720.180
  -1992.389    5000.000     2807.336
   -996.195    5000.000     2894.492
      0.000    5000.000     2981.648
    996.195    5000.000     3068.803
   1992.389    5000.000     3155.959
   2988.584    5000.000     3243.115
   3984.779    5000.000     3330.271
   4980.973    5000.000     3417.426
   5977.168    5000.000     3504.582
   6973.363    5000.000     3591.738
   7969.558    5000.000     3678.894
   8965.752    5000.000     3766.049
   9961.947    5000.000     3853.205
  10958.142    5000.000     3940.361
  11954.336    5000.000     4027.517
  12950.531    5000.000     4114.672
  13946.726    5000.000     4201.828
  14942.920    5000.000     4288.984
  15939.115    5000.000     4376.140
  16935.310    5000.000     4463.295
 -16935.310    6000.000     1500.000
 -15939.115    6000.000     1587.156
 -14942.920    6000.000     1674.311
 -13946.726    6000.000     1761.467
 -12950.531    6000.000     1848.623
 -11954.336    6000.000     1935.779
 -10958.142    6000.000     2022.934
  -9961.947    6000.000     2110.090
  -8965.752    6000.000     2197.246
  -7969.558    6000.000     2284.402
  -6973.363    6000.000     2371.557
  -5977.168    6000.000     2458.713
  -4980.973    6000.000     2545.869
  -3984.779    6000.000     2633.025
  -2988.584    6000.000     2720.180
  -1992.389    6000.000     2807.336
   -996.195    6000.000     2894.492
      0.000    6000.000     2981.648
    996.195    6000.000     3068.803
   1992.389    6000.000     3155.959
   2988.584    6000.000     3243.115
   3984.779    6000.000     3330.271
   4980.973    6000.000     3417.426
   5977.168    6000.000     3504.582
   6973.363    6000.000     3591.738
   7969.558    6000.000     3678.894
   8965.752    6000.000     3766.049
   9961.947    6000.000     3853.205
  10958.142    6000.000     3940.361
  11954.336    6000.000     4027.517
  12950.531    6000.000     4114.672
  13946.726    6000.000     4201.828
  14942.920    6000.000     4288.984
  15939.115    6000.000     4376.140
  16935.310    6000.000     4463.295
 -16935.310    7000.000     1500.000
 -15939.115    7000.000     1587.156
 -14942.920    7000.000     1674.311
 -13946.726    7000.000     1761.467
 -12950.531    7000.000     1848.623
 -11954.336    7000.000     1935.779
 -10958.142    7000.000     2022.934
  -9961.947    7000.000     2110.090
  -8965.752    7000.000     2197.246
  -7969.558    7000.000     2284.402
  -6973.363    7000.000     2371.557
  -5977.168    7000.000     2458.713
  -4980.973    7000.000     2545.869
  -3984.779    7000.000     2633.025
  -2988.584    7000.000     2720.180
  -1992.389    7000.000     2807.336
   -996.195    7000.000     2894.492
      0.000    7000.000     2981.648
    996.195    7000.000     3068.803
   1992.389    7000.000     3155.959
   2988.584    7000.000     3243.115
   3984.779    7000.000     3330.271
   4980.973    7000.000     3417.426
   5977.168    7000.000     3504.582
   6973.363    7000.000     3591.738
   7969.558    7000.000     3678.894
   8965.752    7000.000     3766.049
   9961.947    7000.000     3853.205
  10958.142    7000.000     3940.361
  11954.336    7000.000     4027.517
  12950.531    7000.000     4114.672
  13946.726    7000.000     4201.828
  14942.920    7000.000     4288.984
  15939.115    7000.000     4376.140
  16935.310    7000.000     4463.295
 -16935.310    8000.000     1500.000
 -15939.115    8000.000     1587.156
 -14942.920    8000.000     1674.311
 -13946.726    8000.000     1761.467
 -12950.531    8000.000     1848.623
 -11954.336    8000.000     1935.779
 -10958.142    8000.000     2022.934
  -9961.947    8000.000     2110.090
  -8965.752    8000.000     2197.246
  -7969.558    8000.000     2284.402
  -6973.363    8000.000     2371.557
  -5977.168    8000.000     2458.713
  -4980.973    8000.000     2545.869
  -3984.779    8000.000     2633.025
  -2988.584    8000.000     2720.180
  -1992.389    8000.000     2807.336
   -996.195    8000.000     2894.492
      0.000    8000.000     2981.648
    996.195    8000.000     3068.803
   1992.389    8000.000     3155.959
   2988.584    8000.000     3243.115
   3984.779    8000.000     3330.271
   4980.973    8000.000     3417.426
   5977.168    8000.000     3504.582
   6973.363    8000.000     3591.738
   7969.558    8000.000     3678.894
   8965.752    8000.000     3766.049
   9961.947    8000.000     3853.205
  10958.142    8000.000     3940.361
  11954.336    8000.000     4027.517
  12950.531    8000.000     4114.672
  13946.726    8000.000     4201.828
  14942.920    8000.000     4288.984
  15939.115    8000.000     4376.140
  16935.310    8000.000     4463.295
 -16935.310    9000.000     1500.000
 -15939.115    9000.000     1587.156
 -14942.920    9000.000     1674.311
 -13946.726    9000.000     1761.467
 -12950.531    9000.000     1848.623
 -11954.336    9000.000     1935.779
 -10958.142    9000.000     2022.934
  -9961.947    9000.000     2110.090
  -8965.752    9000.000     2197.246
  -7969.558    9000.000     2284.402
  -6973.363    9000.000     2371.557
  -5977.168    9000.000     2458.713
  -4980.973    9000.000     2545.869
  -3984.779    9000.000     2633.025
  -2988.584    9000.000     2720.180
  -1992.389    9000.000     2807.336
   -996.195    9000.000     2894.492
      0.000    9000.000     2981.648
    996.195    9000.000     3068.803
   1992.389    9000.000     3155.959
   2988.584    9000.000     3243.115
   3984.779    9000.000     3330.271
   4980.973    9000.000     3417.426
   5977.168    9000.000     3504.582
   6973.363    9000.000     3591.738
   7969.558    9000.000     3678.894
   8965.752    9000.000     3766.049
   9961.947    9000.000     3853.205
  10958.142    9000.000     3940.361
  11954.336    9000.000     4027.517
  12950.531    9000.000     4114.672
  13946.726    9000.000     4201.828
  14942.920    9000.000     4288.984
  15939.115    9000.000     4376.140
  16935.310    9000.000     4463.295
 -16935.310   10000.000     1500.000
 -15939.115   10000.000     1587.156
 -14942.920   10000.000     1674.311
 -13946.726   10000.000     1761.467
 -12950.531   10000.000     1848.623
 -11954.336   10000.000     1935.779
 -10958.142   10000.000     2022.934
  -9961.947   10000.000     2110.090
  -8965.752   10000.000     2197.246
  -7969.558   10000.000     2284.402
  -6973.363   10000.000     2371.557
  -5977.168   10000.000     2458.713
  -4980.973   10000.000     2545.869
  -3984.779   10000.000     2633.025
  -2988.584   10000.000     2720.180
  -1992.389   10000.000     2807.336
   -996.195   10000.000     2894.492
      0.000   10000.000     2981.648
    996.195   10000.000     3068.803
   1992.389   10000.000     3155.959
   2988.584   10000.000     3243.115
   3984.779   10000.000     3330.271
   4980.973   10000.000     3417.426
   5977.168   10000.000     3504.582
   6973.363   10000.000     3591.738
   7969.558   10000.000     3678.894
   8965.752   10000.000     3766.049
   9961.947   10000.000     3853.205
  10958.142   10000.000     3940.361
  11954.336   10000.000     4027.517
  12950.531   10000.000     4114.672
  13946.726   10000.000     4201.828
  14942.920   10000.000     4288.984
  15939.115   10000.000     4376.140
  16935.310   10000.000     4463.295
 -16935.310   11000.000     1500.000
 -15939.115   11000.000     1587.156
 -14942.920   11000.000     1674.311
 -13946.726   11000.000     1761.467
 -12950.531   11000.000     1848.623
 -11954.336   11000.000     1935.779
 -10958.142   11000.000     2022.934
  -9961.947   11000.000     2110.090
  -8965.752   11000.000     2197.246
  -7969.558   11000.000     2284.402
  -6973.363   11000.000     2371.557
  -5977.168   11000.000     2458.713
  -4980.973   11000.000     2545.869
  -3984.779   11000.000     2633.025
  -2988.584   11000.000     2720.180
  -1992.389   11000.000     2807.336
   -996.195   11000.000     2894.492
      0.000   11000.000     2981.648
    996.195   11000.000     3068.803
   1992.389   11000.000     3155.959
   2988.584   11000.000     3243.115
   3984.779   11000.000     3330.271
   4980.973   11000.000     3417.426
   5977.168   11000.000     3504.582
   6973.363   11000.000     3591.738
   7969.558   11000.000     3678.894
   8965.752   11000.000     3766.049
   9961.947   11000.000     3853.205
  10958.142   11000.000     3940.361
  11954.336   11000.000     4027.517
  12950.531   11000.000     4114.672
  13946.726   11000.000     4201.828
  14942.920   11000.000     4288.984
  15939.115   11000.000     4376.140
  16935.310   11000.000     4463.295
 -16935.310   12000.000     1500.000
 -15939.115   12000.000     1587.156
 -14942.920   12000.000     1674.311
 -13946.726   12000.000     1761.467
 -12950.531   12000.000     1848.623
 -11954.336   12000.000     1935.779
 -10958.142   12000.000     2022.934
  -9961.947   12000.000     2110.090
  -8965.752   12000.000     2197.246
  -7969.558   12000.000     2284.402
  -6973.363   12000.000     2371.557
  -5977.168   12000.000     2458.713
  -4980.973   12000.000     2545.869
  -3984.779   12000.000     2633.025
  -2988.584   12000.000     2720.180
  -1992.389   12000.000     2807.336
   -996.195   12000.000     2894.492
      0.000   12000.000     2981.648
    996.195   12000.000     3068.803
   1992.389   12000.000     3155.959
   2988.584   12000.000     3243.115
   3984.779   12000.000     3330.271
   4980.973   12000.000     3417.426
   5977.168   12000.000     3504.582
   6973.363   12000.000     3591.738
   7969.558   12000.000     3678.894
   8965.752   12000.000     3766.049
   9961.947   12000.000     3853.205
  10958.142   12000.000     3940.361
  11954.336   12000.000     4027.517
  12950.531   12000.000     4114.672
  13946.726   12000.000     4201.828
  14942.920   12000.000     4288.984
  15939.115   12000.000     4376.140
  16935.310   12000.000     4463.295
 -16935.310   13000.000     1500.000
 -15939.115   13000.000     1587.156
 -14942.920   13000.000     1674.311
 -13946.726   13000.000     1761.467
 -12950.531   13000.000     1848.623
 -11954.336   13000.000     1935.779
 -10958.142   13000.000     2022.934
  -9961.947   13000.000     2110.090
  -8965.752   13000.000     2197.246
  -7969.558   13000.000     2284.402
  -6973.363   13000.000     2371.557
  -5977.168   13000.000     2458.713
  -4980.973   13000.000     2545.869
  -3984.779   13000.000     2633.025
  -2988.584   13000.000     2720.180
  -1992.389   13000.000     2807.336
   -996.195   13000.000     2894.492
      0.000   13000.000     2981.648
    996.195   13000.000     3068.803
   1992.389   13000.000     3155.959
   2988.584   13000.000     3243.115
   3984.779   13000.000     3330.271
   4980.973   13000.000     3417.426
   5977.168   13000.000     3504.582
   6973.363   13000.000     3591.738
   7969.558   13000.000     3678.894
   8965.752   13000.000     3766.049
   9961.947   13000.000     3853.205
  10958.142   13000.000     3940.361
  11954.336   13000.000     4027.517
  12950.531   13000.000     4114.672
  13946.726   13000.000     4201.828
  14942.920   13000.000     4288.984
  15939.115   13000.000     4376.140
  16935.310   13000.000     4463.295
 -16935.310   14000.000     1500.000
 -15939.115   14000.000     1587.156
 -14942.920   14000.000     1674.311
 -13946.726   14000.000     1761.467
 -12950.531   14000.000     1848.623
 -11954.336   14000.000     1935.779
 -10958.142   14000.000     2022.934
  -9961.947   14000.000     2110.090
  -8965.752   14000.000     2197.246
  -7969.558   14000.000     2284.402
  -6973.363   14000.000     2371.557
  -5977.168   14000.000     2458.713
  -4980.973   14000.000     2545.869
  -3984.779   14000.000     2633.025
  -2988.584   14000.000     2720.180
  -1992.389   14000.000     2807.336
   -996.195   14000.000     2894.492
      0.000   14000.000     2981.648
    996.195   14000.000     3068.803
   1992.389   14000.000     3155.959
   2988.584   14000.000     3243.115
   3984.779   14000.000     3330.271
   4980.973   14000.000     3417.426
   5977.168   14000.000     3504.582
   6973.363   14000.000     3591.738
   7969.558   14000.000     3678.894
   8965.752   14000.000     3766.049
   9961.947   14000.000     3853.205
  10958.142   14000.000     3940.361
  11954.336   14000.000     4027.517
  12950.531   14000.000     4114.672
  13946.726   14000.000     4201.828
  14942.920   14000.000     4288.984
  15939.115   14000.000     4376.140
  16935.310   14000.000     4463.295
 -16935.310   15000.000     1500.000
 -15939.115   15000.000     1587.156
 -14942.920   15000.000     1674.311
 -13946.726   15000.000     1761.467
 -12950.531   15000.000     1848.623
 -11954.336   15000.000     1935.779
 -10958.142   15000.000     2022.934
  -9961.947   15000.000     2110.090
  -8965.752   15000.000     2197.246
  -7969.558   15000.000     2284.402
  -6973.363   15000.000     2371.557
  -5977.168   15000.000     2458.713
  -4980.973   15000.000     2545.869
  -3984.779   15000.000     2633.025
  -2988.584   15000.000     2720.180
  -1992.389   15000.000     2807.336
   -996.195   15000.000     2894.492
      0.000   15000.000     2981.648
    996.195   15000.000     3068.803
   1992.389   15000.000     3155.959
   2988.584   15000.000     3243.115
   3984.779   15000.000     3330.271
   4980.973   15000.000     3417.426
   5977.168   15000.000     3504.582
   6973.363   15000.000     3591.738
   7969.558   15000.000     3678.894
   8965.752   15000.000     3766.049
   9961.947   15000.000     3853.205
  10958.142   15000.000     3940.361
  11954.336   15000.000     4027.517
  12950.531   15000.000     4114.672
  13946.726   15000.000     4201.828
  14942.920   15000.000     4288.984
  15939.115   15000.000     4376.140
  16935.310   15000.000     4463.295
 -16935.310   16000.000     1500.000
 -15939.115   16000.000     1587.156
 -14942.920   16000.000     1674.311
 -13946.726   16000.000     1761.467
 -12950.531   16000.000     1848.623
 -11954.336   16000.000     1935.779
 -10958.142   16000.000     2022.934
  -9961.947   16000.000     2110.090
  -8965.752   16000.000     2197.246
  -7969.558   16000.000     2284.402
  -6973.363   16000.000     2371.557
  -5977.168   16000.000     2458.713
  -4980.973   16000.000     2545.869
  -3984.779   16000.000     2633.025
  -2988.584   16000.000     2720.180
  -1992.389   16000.000     2807.336
   -996.195   16000.000     2894.492
      0.000   16000.000     2981.648
    996.195   16000.000     3068.803
   1992.389   16000.000     3155.959
   2988.584   16000.000     3243.115
   3984.779   16000.000     3330.271
   4980.973   16000.000     3417.426
   5977.168   16000.000     3504.582
   6973.363   16000.000     3591.738
   7969.558   16000.000     3678.894
   8965.752   16000.000     3766.049
   9961.947   16000.000     3853.205
  10958.142   16000.000     3940.361
  11954.336   16000.000     4027.517
  12950.531   16000.000     4114.672
  13946.726   16000.000     4201.828
  14942.920   16000.000     4288.984
  15939.115   16000.000     4376.140
  16935.310   16000.000     4463.295
 -16935.310   17000.000     1500.000
 -15939.115   17000.000     1587.156
 -14942.920   17000.000     1674.311
 -13946.726   17000.000     1761.467
 -12950.531   17000.000     1848.623
 -11954.336   17000.000     1935.779
 -10958.142   17000.000     2022.934
  -9961.947   17000.000     2110.090
  -8965.752   17000.000     2197.246
  -7969.558   17000.000     2284.402
  -6973.363   17000.000     2371.557
  -5977.168   17000.000     2458.713
  -4980.973   17000.000     2545.869
  -3984.779   17000.000     2633.025
  -2988.584   17000.000     2720.180
  -1992.389   17000.000     2807.336
   -996.195   17000.000     2894.492
      0.000   17000.000     2981.648
    996.195   17000.000     3068.803
   1992.389   17000.000     3155.959
   2988.584   17000.000     3243.115
   3984.779   17000.000     3330.271
   4980.973   17000.000     3417.426
   5977.168   17000.000     3504.582
   6973.363   17000.000     3591.738
   7969.558   17000.000     3678.894
   8965.752   17000.000     3766.049
   9961.947   17000.000     3853.205
  10958.142   17000.000     3940.361
  11954.336   17000.000     4027.517
  12950.531   17000.000     4114.672
  13946.726   17000.000     4201.828
  14942.920   17000.000     4288.984
  15939.115   17000.000     4376.140
  16935.310   17000.000     4463.295
